2
4
5
6
7
8
3
1
5
6
2
4
5
6
7
8
3
1
5
6
2
4
5
6
7
8
3
1
5
6
2
4
5
6
7
8
3
1
5
6
2
4
5
6
7
8
3
1
5
6
2
4
5
6
7
8
3
1
5
6
2
4
5
6
7
8
3
1
5
6
2
4
5
6
7
8
3
1
5
6
2
4
5
6
7
8
3
1
5
6
2
4
5
6
7
8
3
1
5
6
2
4
5
6
7
8
3
1
5
6
2
4
5
6
7
8
3
1
5
6
2
4
5
6
7
8
3
1
5
6
2
4
5
6
7
8
3
1
5
6
2
4
5
6
7
8
3
1
5
6
2
4
5
6
7
8
3
1
5
6
2
4
5
6
7
8
3
1
5
6
2
4
5
6
7
8
3
1
5
6
2
4
5
6
7
8
3
1
5
6
2
4
5
6
7
8
3
1
5
6
2
4
5
6
7
8
3
1
5
6
2
4
5
6
7
8
3
1
5
6
2
4
5
6
7
8
3
1
5
6
2
4
5
6
7
8
3
1
5
6
2
4
5
6
7
8
3
1
5
6
2
4
5
6
7
8
3
1
5
6
2
4
5
6
7
8
3
1
5
6
2
4
5
6
7
8
3
1
5
6
2
4
5
6
7
8
3
1
5
6
2
4
5
6
7
8
3
1
5
6
2
4
5
6
7
8
3
1
5
6
2
4
5
6
7
8
3
1
5
6
2
4
5
6
7
8
3
1
5
6
2
4
5
6
7
8
3
1
5
6
2
4
5
6
7
8
3
1
5
6
2
4
5
6
7
8
3
1
5
6
2
4
5
6
7
8
3
1
5
6
2
4
5
6
7
8
3
1
5
6
2
4
5
6
7
8
3
1
5
6
2
4
5
6
7
8
3
1
5
6